577
592
423
408
577
592
423
408
577
592
423
408
577
592
423
408
577
592
423
408
577
592
423
408
577
592
423
408
577
592
423
408
577
592
423
408
577
592
423
408
577
592
423
408
577
592
423
408
577
592
423
408
577
592
423
408
577
592
423
408
577
592
423
408
577
592
423
408
577
592
423
408
577
592
423
408
577
592
423
408
577
592
423
408
577
592
423
408
577
592
423
408
577
592
423
408
577
592
423
408
577
592
423
408
577
592
423
408
577
592
423
408
577
592
423
408
577
592
423
408
577
592
423
408
577
592
423
408
577
592
423
408
577
592
423
408
577
592
423
408
577
592
423
408
577
592
423
408
577
592
423
408
577
592
423
408
577
592
423
408
577
592
423
408
577
592
423
408
577
592
423
408
577
592
423
408
577
592
423
408
577
592
423
408
577
592
423
408
577
592
423
408
577
592
423
408
577
592
423
408
577
592
423
408
577
592
423
408
577
592
423
408
577
592
423
408
577
592
423
408
577
592
423
408
577
592
423
408
577
592
423
408
577
592
423
408
577
592
423
408
578
592
423
408
578
592
423
409
578
592
423
409
578
592
423
409
578
592
423
409
578
593
424
409
578
593
424
409
579
593
424
410
579
594
425
410
579
594
425
411
580
595
426
412
581
596
427
412
582
597
428
414
583
598
429
415
585
600
431
417
587
602
433
419
589
604
436
422
592
608
440
426
596
612
444
431
601
617
449
436
607
623
456
443
614
631
464
452
623
640
473
461
633
650
484
472
645
662
496
485
658
675
510
499
672
690
525
514
687
705
540
529
702
721
555
545
718
736
571
560
733
751
586
575
747
765
599
588
760
778
611
600
772
789
622
610
782
798
632
619
790
807
639
627
798
814
646
633
803
819
651
638
808
824
656
642
812
828
659
646
815
831
662
648
818
833
664
650
820
835
666
652
822
836
668
653
823
838
669
654
824
838
670
655
825
839
670
656
825
840
671
656
826
840
671
657
826
841
672
657
826
841
672
657
827
841
672
658
827
841
672
658
827
841
672
658
827
841
672
658
827
842
672
658
827
842
672
658
827
842
673
658
827
842
673
658
827
842
673
658
827
842
673
658
827
842
673
658
827
842
673
658
827
842
673
658
827
842
673
658
827
842
673
658
827
842
673
658
827
842
673
658
827
842
673
658
827
842
673
658
827
842
673
658
827
842
673
658
827
842
673
658
827
842
673
658
827
842
673
658
827
842
673
658
827
842
673
658
827
842
673
658
827
842
673
658
827
842
673
658
827
842
673
658
827
842
673
658
827
842
673
658
827
842
673
658
827
842
673
658
827
842
673
658
827
842
673
658
827
842
673
658
827
842
673
658
827
842
673
658
