0
0
0
0
0
1
1
0
-4
-6
2
14
15
-8
-41
-38
43
198
370
494
537
524
497
486
492
501
505
502
500
499
499
500
500
500
500
500
500
500
500
500
500
500
500
500
500
500
500
500
500
500
500
500
500
500
500
500
500
500
500
500
500
500
500
500
500
500
500
500
500
500
500
500
500
500
500
500
500
500
500
500
500
500
500
500
500
500
500
500
500
500
500
500
500
500
500
500
500
500
500
500
500
500
500
500
500
500
500
500
500
500
500
500
500
500
500
500
500
500
500
500
500
500
500
500
500
500
500
500
500
500
500
500
500
500
500
500
500
500
500
500
500
500
500
500
500
500
500
500
500
500
500
500
500
500
500
500
500
500
500
500
500
500
500
500
500
500
500
500
500
500
500
500
500
500
500
500
500
500
500
500
500
500
500
500
500
500
500
500
500
500
500
500
500
500
500
500
500
500
500
500
500
500
500
500
500
500
500
500
500
500
500
500
500
500
500
500
500
500
500
500
500
500
500
500
500
500
500
500
500
500
500
500
500
500
500
500
500
500
500
500
500
500
500
500
500
500
500
500
500
500
500
500
500
500
500
500
500
500
500
500
500
500
500
500
500
501
501
501
500
500
501
501
501
500
500
500
500
501
501
501
501
501
501
501
501
501
501
501
501
502
502
502
502
502
502
502
502
503
503
503
503
504
504
504
504
504
505
505
505
506
506
506
506
507
508
508
509
509
510
510
510
511
512
512
513
514
515
516
517
518
519
520
521
523
524
525
526
528
530
531
533
535
537
539
541
544
546
548
550
553
556
558
561
564
567
570
574
577
580
584
587
591
595
598
602
606
610
613
617
621
625
629
633
637
641
644
648
652
656
659
663
667
670
673
676
680
683
686
689
692
694
697
700
702
704
707
709
711
713
715
717
719
721
722
723
725
726
727
728
730
731
732
733
734
735
736
737
737
738
739
739
740
741
741
741
742
743
743
744
744
744
745
745
745
746
746
746
746
746
747
747
747
747
747
747
748
748
748
748
748
748
748
748
749
749
749
749
749
749
749
749
749
749
749
749
750
750
750
749
749
750
750
750
749
749
749
749
750
750
750
750
750
750
750
750
750
750
750
750
750
750
750
750
750
750
750
750
750
750
750
750
750
750
750
750
750
750
750
750
750
750
750
750
750
750
750
750
750
750
750
750
750
750
750
750
750
750
750
750
750
750
750
750
750
750
750
750
750
750
750
750
750
750
750
750
750
750
750
750
750
750
750
750
750
750
750
750
750
750
750
750
750
750
750
750
750
750
750
750
750
750
750
750
750
750
750
750
750
750
750
750
750
750
750
750
750
750
750
750
750
750
750
750
750
750
750
750
750
750
750
